../../../../../../../../../../../../../../../.git/annex/objects/JM/kf/MD5E-s32504--5ad6e8c06a52f4d279b984d38a78920a.csv/MD5E-s32504--5ad6e8c06a52f4d279b984d38a78920a.csv